1.22459751 0.11558592
1.23796778 0.14109619
1.25133805 0.11188887
1.26470832 0.10163442
1.27807859 0.16901407
1.29144886 0.07664652
1.30481913 0.13896166
1.31818940 0.12830600
1.33155967 0.22502610
1.34492994 0.20975557
1.35830021 0.19052758
1.37167048 0.29504800
1.38504075 0.25138632
1.39841102 0.24814383
1.41178129 0.20444228
1.42515156 0.23390885
1.43852183 0.26502527
1.45189210 0.25686725
1.46526237 0.23804613
1.47863264 0.22649724
1.49200291 0.24668849
1.50537318 0.24383996
1.51874345 0.23533732
1.53211372 0.22147235
1.54548399 0.21206360
1.55885426 0.19551190
1.57222453 0.18979299
1.58559480 0.18474045
1.59896507 0.18278089
1.61233534 0.15632726
1.62570561 0.15510346
1.63907588 0.14518749
1.65244615 0.13318502
1.66581642 0.13885360
1.67918669 0.11507049
1.69255696 0.11293241
1.70592723 0.10428771
1.71929750 0.08242475
1.73266777 0.09196179
1.74603804 0.08197075
1.75940831 0.06341000
1.77277858 0.19018664
1.78614885 0.04147463
1.79951912 0.05777373
1.81288939 0.04395484
1.82625966 0.03142745
1.83962993 0.06303782
